0 -0.460000 1.000000 1 75
1 -1.130000 1.850000 1 75
2 0.420000 2.980000 1 75
3 -0.020000 4.810000 1 75
4 1.090000 5.520000 1 75
5 0.900000 7.300000 1 75
6 1.360000 1.660000 1 75
7 1.170000 10.030000 1 75
8 0.800000 5.960000 1 75
9 -1.270000 8.650000 1 75
10 -0.420000 8.200000 1 75
11 1.190000 13.870000 1 75
12 -1.960000 8.320000 1 75
13 1.290000 16.990000 1 75
14 -1.190000 19.760000 1 75
15 -1.880000 12.100000 1 75
16 -1.200000 19.080000 1 75
17 0.910000 14.600000 1 75
18 1.230000 12.160000 1 75
19 0.460000 6.890000 1 75
20 -1.950000 27.799999 1 75
21 -2.060000 2.050000 1 75
22 1.290000 3.860000 1 75
23 -0.540000 11.350000 1 75
24 0.450000 4.360000 1 75
25 -0.740000 4.500000 1 75
26 -1.400000 10.620000 1 75
27 1.260000 35.560001 1 75
28 0.840000 1.840000 1 75
29 -1.340000 15.210000 1 75
30 0.600000 8.800000 1 75
31 1.390000 35.720001 1 75
32 0.360000 47.080002 1 75
33 -1.650000 24.100000 1 75
34 0.280000 6.780000 1 75
35 -0.770000 1.700000 1 75
36 -0.420000 19.719999 1 75
37 0.010000 30.600000 1 75
38 0.910000 6.700000 1 75
39 -0.340000 47.410000 1 75
40 1.290000 33.400002 1 75
41 -0.870000 30.110001 1 75
42 -0.050000 4.780000 1 75
43 -2.070000 46.580002 1 75
44 -0.330000 16.840000 1 75
45 -1.060000 38.349998 1 75
46 -1.940000 13.880000 1 75
47 -0.320000 14.630000 1 75
48 -1.790000 58.599998 1 75
49 0.580000 32.849998 1 75
